1 0.3848167546875 0.760344828125 0.40314136093749997 0.7586206890625 0.429319371875 0.7741379312500001 0.64136125625 0.7672413796875001 0.64136125625 0.7206896546875 0.6073298421875 0.736206896875 0.51570680625 0.7310344828125 0.4790575921875 0.7206896546875 0.42146596875000003 0.7379310343750001 0.3717277484375 0.734482759375 0.36125654375 0.739655171875 0.369109946875 0.7534482765625 0.3848167546875 0.760344828125
1 0.2382198953125 0.7931034484375 0.2486911 0.7982758624999999 0.2774869109375 0.7965517234374999 0.2931937171875 0.8189655171875 0.3246073296875 0.8293103453124999 0.35863874375 0.834482759375 0.37434555 0.8241379312499999 0.3795811515625 0.8086206890625001 0.4895287953125 0.7913793109375 0.5052356015624999 0.786206896875 0.5104712046875 0.7706896546875 0.5261780109374999 0.7706896546875 0.3638743453125 0.763793103125 0.2382198953125 0.7741379312500001 0.2382198953125 0.7931034484375
1 0.196335078125 0.260344828125 0.146596859375 0.2689655171875 0.10994764374999999 0.29137931093749997 0.0916230359375 0.29482758593749997 0.08900523593750001 0.3051724140625 0.10209424062500001 0.313793103125 0.13874345625 0.3017241375 0.162303665625 0.3051724140625 0.1753926703125 0.312068965625 0.1832460734375 0.337931034375 0.24607329843749998 0.32413793125 0.23298429375000002 0.3206896546875 0.22513089062499997 0.3086206890625 0.22513089062499997 0.2793103453125 0.2146596859375 0.263793103125 0.196335078125 0.260344828125
1 0.18586387499999998 0.24482758593749998 0.18586387499999998 0.189655171875 0.14136125625 0.184482759375 0.04712041875 0.210344828125 0.039267015625 0.21724137968749999 0.044502617187499996 0.22586206875 0.0837696328125 0.23965517187500002 0.12565445 0.2465517234375 0.18586387499999998 0.24482758593749998
1 0.3481675390625 0.160344828125 0.6073298421875 0.162068965625 0.630890053125 0.160344828125 0.630890053125 0.1413793109375 0.4240837703125 0.1431034484375 0.3795811515625 0.12758620625 0.3481675390625 0.12586206875 0.29057591562499996 0.1448275859375 0.29581151875 0.1517241375 0.3429319375 0.15517241406249999 0.3481675390625 0.160344828125
1 0.27486910937500003 0.1706896546875 0.23298429375000002 0.1706896546875 0.21989528749999998 0.17758620625 0.21989528749999998 0.1913793109375 0.23298429375000002 0.20172413749999998 0.2696335078125 0.2 0.2801047125 0.189655171875 0.311518325 0.20172413749999998 0.3795811515625 0.20517241406250003 0.6047120421875001 0.1965517234375 0.5968586390625 0.189655171875 0.5811518328124999 0.1948275859375 0.5575916234375 0.187931034375 0.35602094218749997 0.1827586203125 0.27486910937500003 0.1706896546875
1 0.445026178125 0.24137931093749998 0.44240837656250004 0.2206896546875 0.37434555 0.21724137968749999 0.26701570625 0.237931034375 0.256544503125 0.260344828125 0.272251309375 0.27758620624999997 0.311518325 0.2706896546875 0.3717277484375 0.29482758593749997 0.3926701578125 0.286206896875 0.48691099531250004 0.29482758593749997 0.5 0.287931034375 0.5916230359375 0.2793103453125 0.6047120421875001 0.2689655171875 0.5890052359375 0.2551724140625 0.539267015625 0.2586206890625 0.445026178125 0.24137931093749998
1 0.5366492140625 0.40344827656250004 0.5732984296875 0.3931034484375 0.5759162296875 0.384482759375 0.5680628265625 0.3706896546875 0.5497382203125001 0.362068965625 0.5287958109375 0.36896551718750004 0.49738219843750003 0.3672413796875 0.4790575921875 0.3534482765625 0.445026178125 0.3517241375 0.44240837656250004 0.3431034484375 0.3717277484375 0.3189655171875 0.3429319375 0.32586206875 0.3167539265625 0.34482758593749996 0.272251309375 0.362068965625 0.27486910937500003 0.37413793125 0.306282721875 0.3827586203125 0.3429319375 0.4172413796875 0.3848167546875 0.42241379375 0.397905759375 0.3982758625 0.43717277499999996 0.4051724140625 0.4633507859375 0.3965517234375 0.49214659687499995 0.3982758625 0.4895287953125 0.3793103453125 0.49738219843750003 0.37241379375 0.5130890046875 0.37586206875 0.5261780109374999 0.4 0.5366492140625 0.40344827656250004
1 0.5013089 0.313793103125 0.5732984296875 0.31034482812499997 0.5811518328124999 0.29137931093749997 0.5523560203125 0.287931034375 0.5445026171875 0.2931034484375 0.4790575921875 0.2965517234375 0.4057591625 0.287931034375 0.3717277484375 0.2965517234375 0.306282721875 0.27758620624999997 0.2827225125 0.284482759375 0.26439790625000004 0.3034482765625 0.2303664921875 0.3068965515625 0.23298429375000002 0.32586206875 0.2696335078125 0.32413793125 0.29581151875 0.34137931093749996 0.314136125 0.34137931093749996 0.366492146875 0.3172413796875 0.3848167546875 0.3172413796875 0.41884816718750006 0.33275862031250003 0.45287958125000005 0.336206896875 0.47382198906250006 0.34827586250000003 0.5654450265625 0.3517241375 0.5680628265625 0.339655171875 0.4895287953125 0.32586206875 0.5013089 0.313793103125
1 0.287958115625 0.45344827656250003 0.2617801046875 0.462068965625 0.2617801046875 0.47413793125000003 0.32984293125 0.4931034484375 0.3717277484375 0.49482758593750004 0.4554973828125 0.486206896875 0.4790575921875 0.47758620625 0.5104712046875 0.4793103453125 0.507853403125 0.44827586249999996 0.5026178015625 0.4413793109375 0.42146596875000003 0.4431034484375 0.36125654375 0.4310344828125 0.3089005234375 0.43448275937499997 0.287958115625 0.45344827656250003
1 0.570680628125 0.72413793125 0.57853403125 0.686206896875 0.5680628265625 0.6793103453125 0.51570680625 0.67241379375 0.507853403125 0.662068965625 0.4057591625 0.663793103125 0.350785340625 0.637931034375 0.311518325 0.6689655171875 0.2931937171875 0.6706896546875 0.2696335078125 0.684482759375 0.272251309375 0.6965517234374999 0.29842931875 0.7051724140625 0.29581151875 0.72413793125 0.2801047125 0.72758620625 0.29057591562499996 0.7379310343750001 0.353403140625 0.7413793109375 0.3638743453125 0.7327586203124999 0.36125654375 0.72413793125 0.3848167546875 0.7172413796875 0.4502617796875 0.72241379375 0.5 0.713793103125 0.5130890046875 0.72413793125 0.539267015625 0.72413793125 0.5602094234375 0.715517240625 0.570680628125 0.72413793125
1 0.369109946875 0.6206896546875 0.554973821875 0.62241379375 0.54712041875 0.5827586203124999 0.5340314140625 0.57586206875 0.3848167546875 0.5706896546875 0.35602094218749997 0.5844827593749999 0.3167539265625 0.5844827593749999 0.3089005234375 0.5948275859375001 0.314136125 0.6086206890625 0.350785340625 0.612068965625 0.369109946875 0.6206896546875
1 0.3481675390625 0.5586206890625001 0.4397905765625 0.5603448281250001 0.5366492140625 0.5534482765625001 0.5287958109375 0.515517240625 0.369109946875 0.513793103125 0.335078534375 0.5206896546875 0.311518325 0.5120689656249999 0.2827225125 0.515517240625 0.2774869109375 0.5310344828125 0.287958115625 0.539655171875 0.3481675390625 0.5586206890625001
1 0.303664921875 0.5896551718749999 0.27486910937500003 0.5913793109375 0.2696335078125 0.612068965625 0.3089005234375 0.6189655171874999 0.32984293125 0.65 0.3481675390625 0.636206896875 0.4240837703125 0.6534482765625 0.4345549734375 0.6327586203125 0.44240837656250004 0.637931034375 0.4790575921875 0.636206896875 0.5104712046875 0.62586206875 0.37434555 0.62241379375 0.353403140625 0.612068965625 0.32984293125 0.613793103125 0.303664921875 0.5896551718749999
1 0.2539267015625 0.636206896875 0.2853403140625 0.639655171875 0.303664921875 0.6551724140624999 0.32722513124999997 0.6551724140624999 0.3089005234375 0.62241379375 0.2617801046875 0.6206896546875 0.2539267015625 0.636206896875
1 0.2801047125 0.4068965515625 0.32722513124999997 0.4068965515625 0.29842931875 0.38103448281249996 0.24083769687499998 0.38103448281249996 0.24083769687499998 0.3948275859375 0.2801047125 0.4068965515625
1 0.44240837656250004 0.5672413796875 0.4083769640625 0.5603448281250001 0.337696334375 0.5586206890625001 0.31937172812500003 0.5689655171875 0.287958115625 0.5706896546875 0.2853403140625 0.586206896875 0.306282721875 0.5896551718749999 0.314136125 0.5844827593749999 0.35863874375 0.5827586203124999 0.41623036718749995 0.565517240625 0.4502617796875 0.5689655171875 0.460732984375 0.57586206875 0.539267015625 0.5672413796875 0.5287958109375 0.5568965515625 0.443717278125 0.562068965625 0.44240837656250004 0.5672413796875