1 0.295751634375 0.503722084375 0.30555555624999997 0.46898262968750004 0.2892156859375 0.414392059375 0.292483659375 0.36724565781249996 0.2875817 0.35732010000000003 0.27450980468749997 0.36476426875 0.26797385625 0.3796526046875 0.26960784375 0.3970223328125 0.2549019609375 0.421836228125 0.2614379078125 0.622828784375 0.30555555624999997 0.622828784375 0.2908496734375 0.5905707203125 0.295751634375 0.503722084375
1 0.23856209218750002 0.4789081890625 0.2434640515625 0.49379652656250006 0.258169934375 0.4987593046875 0.258169934375 0.5136476421875 0.2647058828125 0.3598014890625 0.2549019609375 0.24069478906250003 0.23692810468749997 0.24069478906250003 0.23202614375000002 0.250620346875 0.23366013125 0.2779156328125 0.2124183 0.2928039703125 0.2026143796875 0.3225806453125 0.19771241875 0.354838709375 0.20751634062500002 0.369727046875 0.222222221875 0.3746898265625 0.23856209218750002 0.4789081890625
1 0.668300653125 0.1885856078125 0.6813725484375001 0.2481389578125 0.6846405234375 0.235732009375 0.69607843125 0.22828784062500002 0.723856209375 0.22828784062500002 0.7385620921875 0.21836228281249997 0.741830065625 0.20099255624999998 0.73366013125 0.153846153125 0.7124183000000001 0.11910670000000001 0.7091503265625 0.10173697343749999 0.6993464046875 0.09925558281249999 0.6911764703125 0.11166253125 0.7026143796875 0.14640198437500002 0.6993464046875 0.168734490625 0.6928104578125 0.1811414390625 0.668300653125 0.1885856078125
1 0.813725490625 0.14888337499999998 0.7892156859375 0.059553350000000005 0.7826797390625 0.052109181250000004 0.7745098046875001 0.0570719609375 0.7614379078125 0.0942928046875 0.7549019609375 0.1339950375 0.7565359484374999 0.191066996875 0.8088235296875 0.191066996875 0.813725490625 0.14888337499999998
1 0.8529411765624999 0.4168734484375 0.8676470593750001 0.3746898265625 0.8692810453125001 0.3449131515625 0.8513071890624999 0.29032258125 0.8447712421875 0.295285359375 0.84150326875 0.339950371875 0.8366013078125001 0.3449131515625 0.8349673203125001 0.5905707203125 0.8366013078125001 0.6129032265625 0.8545751640624999 0.6129032265625 0.8529411765624999 0.4168734484375
1 0.794117646875 0.3746898265625 0.8022875812500001 0.5880893296874999 0.8088235296875 0.5806451609375001 0.8039215687500001 0.5657568234375 0.810457515625 0.5434243171875 0.8153594765625 0.3523573203125 0.8267973859375 0.27543424375000003 0.8267973859375 0.235732009375 0.8202614374999999 0.2233250625 0.8071895421875 0.2233250625 0.7973856203125 0.235732009375 0.7990196078125 0.2704714640625 0.8088235296875 0.280397021875 0.7973856203125 0.310173696875 0.794117646875 0.3746898265625
1 0.7091503265625 0.4764267984375 0.715686275 0.488833746875 0.723856209375 0.5756823828125001 0.73366013125 0.5880893296874999 0.7467320265625 0.5732009921875 0.7434640515625001 0.526054590625 0.759803921875 0.43672456562499995 0.7794117640625 0.4342431765625 0.7826797390625 0.369727046875 0.7630718953125 0.267990075 0.741830065625 0.258064515625 0.7254901953124999 0.272952853125 0.73202614375 0.310173696875 0.7091503265625 0.36724565781249996 0.7173202609375 0.38709677343750004 0.7091503265625 0.4764267984375
1 0.6127450984375 0.45409429218749997 0.6111111109375 0.48138957812500005 0.6290849671875 0.4789081890625 0.635620915625 0.4863523578125 0.6323529406249999 0.5012406953124999 0.6094771234375 0.5136476421875 0.60620915 0.5235732015625 0.616013071875 0.5583126546875 0.62418300625 0.5607940453125 0.6372549015625 0.5533498765625 0.6454248359375 0.5359801484375 0.6388888890625 0.5161290328125 0.6405228765625 0.4863523578125 0.653594771875 0.46898262968750004 0.6552287578125 0.43672456562499995 0.6633986921874999 0.4342431765625 0.686274509375 0.36724565781249996 0.6797385625000001 0.339950371875 0.66176470625 0.3151364765625 0.6454248359375 0.272952853125 0.633986928125 0.27543424375000003 0.62581699375 0.30521091875 0.5931372546875 0.339950371875 0.58823529375 0.3796526046875 0.6111111109375 0.392059553125 0.6045751640625 0.429280396875 0.6127450984375 0.45409429218749997
1 0.6732026140625 0.41191067031250006 0.669934640625 0.444168734375 0.65849673125 0.46401985156250003 0.6552287578125 0.5508684859375 0.6666666671875 0.5533498765625 0.6797385625000001 0.4789081890625 0.6911764703125 0.4900744421875 0.6944444437499999 0.5583126546875 0.7124183000000001 0.5657568234375 0.715686275 0.5384615390625 0.7107843140625 0.5310173703125 0.707516340625 0.46898262968750004 0.715686275 0.399503721875 0.707516340625 0.36724565781249996 0.7254901953124999 0.30521091875 0.7189542484375 0.2828784125 0.7009803921875 0.26550868437499997 0.69771241875 0.2332506203125 0.6797385625000001 0.235732009375 0.6813725484375001 0.2704714640625 0.6650326796875 0.295285359375 0.6650326796875 0.3126550875 0.687908496875 0.362282878125 0.687908496875 0.3796526046875 0.6732026140625 0.41191067031250006
1 0.534313725 0.4987593046875 0.563725490625 0.496277915625 0.5702614374999999 0.4913151359375 0.5686274515624999 0.414392059375 0.580065359375 0.35732010000000003 0.5767973859375 0.3076923078125 0.5588235296875 0.287841190625 0.5506535953125 0.2630272953125 0.5392156859375 0.2630272953125 0.5212418296875 0.327543425 0.51960784375 0.36724565781249996 0.527777778125 0.44665012343750005 0.5359477125 0.46898262968750004 0.534313725 0.4987593046875
1 0.30882352968750004 0.3796526046875 0.30392156875 0.4416873453125 0.312091503125 0.488833746875 0.30228758125 0.5012406953124999 0.30228758125 0.526054590625 0.310457515625 0.5459057078125 0.30228758125 0.555831265625 0.33823529375 0.563275434375 0.3447712421875 0.5533498765625 0.3513071890625 0.503722084375 0.3611111109375 0.496277915625 0.3594771234375 0.399503721875 0.383986928125 0.34739454062499997 0.3545751640625 0.310173696875 0.3529411765625 0.2928039703125 0.33986928125000004 0.2704714640625 0.328431371875 0.272952853125 0.3202614375 0.29776674999999997 0.30228758125 0.295285359375 0.2990196078125 0.280397021875 0.2892156859375 0.29032258125 0.2859477125 0.34987593125 0.294117646875 0.3598014890625 0.30228758125 0.35732010000000003 0.30882352968750004 0.3796526046875
1 0.44771241875 0.3796526046875 0.43464052343750004 0.3523573203125 0.43464052343750004 0.3151364765625 0.42483660156249997 0.3076923078125 0.41176470624999995 0.3126550875 0.40849673124999997 0.34739454062499997 0.40032679687500006 0.36476426875 0.3986928109375 0.540942928125 0.436274509375 0.533498759375 0.44281045781249995 0.5210918109375 0.44771241875 0.3796526046875
1 0.5016339875 0.36476426875 0.49509803906250005 0.332506203125 0.5032679734375 0.310173696875 0.5 0.2828784125 0.4852941171875 0.2779156328125 0.4771241828125 0.287841190625 0.4591503265625 0.3449131515625 0.45751634062499996 0.4317617859375 0.46405228750000005 0.5235732015625 0.5 0.5161290328125 0.5016339875 0.36476426875
1 0.383986928125 0.4342431765625 0.385620915625 0.46898262968750004 0.3954248359375 0.4987593046875 0.3986928109375 0.369727046875 0.40849673124999997 0.34987593125 0.4068627453125 0.327543425 0.42973856250000003 0.302729528125 0.428104575 0.27543424375000003 0.40849673124999997 0.2704714640625 0.40196078437500005 0.3076923078125 0.37254902031250003 0.327543425 0.385620915625 0.3449131515625 0.3692810453125 0.4168734484375 0.3888888890625 0.4267990078125 0.383986928125 0.4342431765625
1 0.385620915625 0.25558312656250004 0.382352940625 0.28535980156249996 0.367647059375 0.302729528125 0.367647059375 0.32506203437500003 0.3986928109375 0.3076923078125 0.40032679687500006 0.2630272953125 0.385620915625 0.25558312656250004
1 0.614379084375 0.243176178125 0.6029411765625 0.280397021875 0.6029411765625 0.32506203437500003 0.6274509796875 0.29776674999999997 0.6274509796875 0.243176178125 0.614379084375 0.243176178125
1 0.4526143796875 0.4094292796875 0.44934640468750003 0.4416873453125 0.44281045781249995 0.451612903125 0.4509803921875 0.526054590625 0.4607843140625 0.5161290328125 0.455882353125 0.4354838703125 0.4509803921875 0.4342431765625 0.45751634062499996 0.4019851109375 0.4591503265625 0.33498759375 0.44934640468750003 0.317617865625 0.44771241875 0.287841190625 0.43300653593750005 0.28535980156249996 0.42973856250000003 0.30521091875 0.43464052343750004 0.3126550875 0.436274509375 0.354838709375 0.4526143796875 0.4094292796875