1 0.3678756484375 0.74232081875 0.3860103625 0.740614334375 0.41191709843749996 0.755972696875 0.6217616578125 0.7491467578125001 0.6217616578125 0.703071671875 0.5880829015625 0.7184300343750001 0.49740932656250003 0.7133105796875 0.46113989687499995 0.703071671875 0.404145078125 0.7201365187500001 0.3549222796875 0.71672355 0.3445595859375 0.7218430031249999 0.35233160625000004 0.73549488125 0.3678756484375 0.74232081875
1 0.22279792812500002 0.7747440265625001 0.23316062187500003 0.7798634812499999 0.26165803125 0.7781569968750001 0.277202071875 0.800341296875 0.3082901546875 0.8105802046875 0.3419689125 0.815699659375 0.357512953125 0.8054607515625 0.36269429999999997 0.7901023890625 0.471502590625 0.7730375421875 0.48704663281249994 0.7679180890625 0.49222797968750004 0.7525597265624999 0.5077720203125 0.7525597265624999 0.347150259375 0.7457337890625 0.22279792812500002 0.755972696875 0.22279792812500002 0.7747440265625001
1 0.18134714999999998 0.2474402734375 0.1321243515625 0.255972696875 0.095854921875 0.278156996875 0.0777202078125 0.28156996562500003 0.075129534375 0.2918088734375 0.08808290156250001 0.300341296875 0.12435233125 0.2883959046875 0.14766839375000002 0.2918088734375 0.1606217609375 0.2986348125 0.1683937828125 0.32423208125 0.23056994843749998 0.3105802046875 0.21761657968749998 0.3071672359375 0.20984455937500002 0.29522184375 0.20984455937500002 0.2662116046875 0.199481865625 0.2508532421875 0.18134714999999998 0.2474402734375
1 0.17098445625 0.2320819109375 0.17098445625 0.177474403125 0.1269430046875 0.17235494843750002 0.033678756250000004 0.19795221875 0.025906735937499998 0.20477815625 0.0310880828125 0.21331057968749997 0.06994818593749999 0.22696245781250002 0.11139896406250001 0.2337883953125 0.17098445625 0.2320819109375
1 0.3316062171875 0.14846416406250001 0.5880829015625 0.1501706484375 0.6113989640625 0.14846416406250001 0.6113989640625 0.1296928328125 0.40673575156249997 0.1313993171875 0.36269429999999997 0.11604095625 0.3316062171875 0.11433447031249999 0.2746113984375 0.13310580156250001 0.279792746875 0.139931740625 0.3264248703125 0.143344709375 0.3316062171875 0.14846416406250001
1 0.2590673578125 0.158703071875 0.21761657968749998 0.158703071875 0.2046632125 0.1655290109375 0.2046632125 0.1791808875 0.21761657968749998 0.1894197953125 0.25388601093749996 0.18771331093750002 0.2642487046875 0.177474403125 0.29533678750000003 0.1894197953125 0.36269429999999997 0.1928327640625 0.585492228125 0.184300340625 0.5777202078125 0.177474403125 0.5621761656250001 0.18259385625 0.538860103125 0.17576791875 0.33937823906250003 0.1706484640625 0.2590673578125 0.158703071875
1 0.427461140625 0.22866894218749997 0.424870465625 0.2081911265625 0.357512953125 0.20477815625 0.2512953375 0.2252559734375 0.2409326421875 0.2474402734375 0.25647668437500004 0.26450511875 0.29533678750000003 0.25767918125 0.3549222796875 0.28156996562500003 0.37564766875 0.2730375421875 0.4689119171875 0.28156996562500003 0.481865284375 0.27474402656249997 0.572538859375 0.2662116046875 0.585492228125 0.255972696875 0.5699481859375 0.24232081875000003 0.5207253890625 0.24573378906249999 0.427461140625 0.22866894218749997
1 0.518134715625 0.38907849843750003 0.5544041453124999 0.378839590625 0.55699481875 0.3703071671875 0.5492227984375 0.356655290625 0.5310880828125 0.34812286718749996 0.51036269375 0.3549488046875 0.4792746109375 0.3532423203125 0.46113989687499995 0.33959044375 0.427461140625 0.337883959375 0.424870465625 0.3293515359375 0.3549222796875 0.30546075156249997 0.3264248703125 0.3122866890625 0.30051813437499997 0.3310580203125 0.25647668437500004 0.34812286718749996 0.2590673578125 0.36006825937500003 0.290155440625 0.3686006828125 0.3264248703125 0.402730375 0.3678756484375 0.4078498296875 0.380829015625 0.38395904375 0.41968911875000003 0.39078498281249996 0.4455958546875 0.382252559375 0.4740932640625 0.38395904375 0.471502590625 0.3651877140625 0.4792746109375 0.358361775 0.494818653125 0.36177474374999996 0.5077720203125 0.3856655296875 0.518134715625 0.38907849843750003
1 0.48316062187500003 0.300341296875 0.5544041453124999 0.29692832812500003 0.5621761656250001 0.278156996875 0.5336787562499999 0.27474402656249997 0.5259067359375 0.27986348125 0.46113989687499995 0.28327645 0.3886010359375 0.27474402656249997 0.3549222796875 0.28327645 0.290155440625 0.26450511875 0.26683937812499997 0.2713310578125 0.2487046625 0.29010238906249997 0.21502590625 0.2935153578125 0.21761657968749998 0.3122866890625 0.25388601093749996 0.3105802046875 0.279792746875 0.3276450515625 0.2979274609375 0.3276450515625 0.34974093281249996 0.30375426562499996 0.3678756484375 0.30375426562499996 0.40155440468750003 0.31911262812499996 0.4352331609375 0.322525596875 0.45595854999999996 0.3344709890625 0.546632125 0.337883959375 0.5492227984375 0.32593856718750003 0.471502590625 0.3122866890625 0.48316062187500003 0.300341296875
1 0.272020725 0.438566553125 0.2461139890625 0.44709897656250003 0.2461139890625 0.45904436875 0.313471503125 0.4778157 0.3549222796875 0.47952218437500005 0.43782383437499994 0.4709897609375 0.46113989687499995 0.46245733749999995 0.49222797968750004 0.464163821875 0.48963730625 0.43344709843749996 0.48445595781249995 0.4266211609375 0.404145078125 0.42832764531249995 0.3445595859375 0.416382253125 0.2927461140625 0.419795221875 0.272020725 0.438566553125
1 0.551813471875 0.7064846421875 0.5595854921875001 0.6689419796875 0.5492227984375 0.662116040625 0.49740932656250003 0.655290103125 0.48963730625 0.6450511953125 0.3886010359375 0.6467576796875 0.334196890625 0.621160409375 0.29533678750000003 0.6518771328125 0.277202071875 0.6535836171875 0.25388601093749996 0.6672354953124999 0.25647668437500004 0.6791808875 0.2823834203125 0.6877133109375 0.279792746875 0.7064846421875 0.2642487046875 0.7098976109375 0.2746113984375 0.7201365187500001 0.3367875640625 0.7235494874999999 0.347150259375 0.715017065625 0.3445595859375 0.7064846421875 0.3678756484375 0.699658703125 0.4326424875 0.70477815625 0.481865284375 0.6962457343749999 0.494818653125 0.7064846421875 0.5207253890625 0.7064846421875 0.5414507765625001 0.69795221875 0.551813471875 0.7064846421875
1 0.35233160625000004 0.6040955625 0.5362694296875 0.6058020484375 0.528497409375 0.5665529015625 0.5155440421875 0.5597269625 0.3678756484375 0.5546075078125 0.33937823906250003 0.5682593859375 0.30051813437499997 0.5682593859375 0.2927461140625 0.57849829375 0.2979274609375 0.5921501703125001 0.334196890625 0.595563140625 0.35233160625000004 0.6040955625
1 0.3316062171875 0.542662115625 0.4222797921875 0.5443686 0.518134715625 0.5375426625 0.51036269375 0.5 0.35233160625000004 0.498293515625 0.31865285 0.5051194546875 0.29533678750000003 0.49658703125 0.26683937812499997 0.5 0.26165803125 0.5153583625 0.272020725 0.523890784375 0.3316062171875 0.542662115625
1 0.2875647671875 0.5733788390625 0.2590673578125 0.575085325 0.25388601093749996 0.595563140625 0.2927461140625 0.6023890781250001 0.313471503125 0.6331058015625 0.3316062171875 0.619453925 0.40673575156249997 0.636518771875 0.41709844531250007 0.61604095625 0.424870465625 0.621160409375 0.46113989687499995 0.619453925 0.49222797968750004 0.6092150171874999 0.357512953125 0.6058020484375 0.3367875640625 0.595563140625 0.313471503125 0.597269625 0.2875647671875 0.5733788390625
1 0.23834196875 0.619453925 0.2694300515625 0.62286689375 0.2875647671875 0.6382252562499999 0.31088082968749997 0.6382252562499999 0.2927461140625 0.6058020484375 0.2461139890625 0.6040955625 0.23834196875 0.619453925
1 0.2642487046875 0.3924914671875 0.31088082968749997 0.3924914671875 0.2823834203125 0.3668941984375 0.2253886015625 0.3668941984375 0.2253886015625 0.380546075 0.2642487046875 0.3924914671875
1 0.424870465625 0.5511945390624999 0.39119170937500003 0.5443686 0.3212435234375 0.542662115625 0.3031088078125 0.5529010234375 0.272020725 0.5546075078125 0.2694300515625 0.5699658703125 0.290155440625 0.5733788390625 0.2979274609375 0.5682593859375 0.3419689125 0.5665529015625 0.39896373125 0.5494880546875 0.4326424875 0.5529010234375 0.44300518125000005 0.5597269625 0.5207253890625 0.5511945390624999 0.51036269375 0.54095563125 0.42616580312499996 0.5460750859375 0.424870465625 0.5511945390624999