3 0.6122448984375 0.372222221875 0.5877551015625 0.4166666671875 0.5877551015625 0.46666666718750005 0.6040816328124999 0.5111111109375 0.6448979593749999 0.5166666671875 0.6122448984375 0.527777778125 0.5959183671875 0.5833333328125 0.6204081625 0.577777778125 0.6244897953125 0.5611111109375 0.6448979593749999 0.5722222218749999 0.6408163265625 0.7833333328125 0.6571428578125 0.8333333328125001 0.6693877546875 0.7833333328125 0.6979591843749999 0.75555555625 0.7673469390625 0.7666666671875 0.78367346875 0.79444444375 0.76326530625 0.872222221875 0.7795918375 0.95555555625 0.791836734375 0.9111111109375001 0.8326530609375 0.85 0.828571428125 0.5944444437499999 0.8408163265624999 0.5666666671875 0.8326530609375 0.5555555562500001 0.8571428578125 0.54444444375 0.8734693874999999 0.5 0.8734693874999999 0.4166666671875 0.8612244890625 0.3888888890625 0.9795918374999999 0.29444444375 0.9469387749999999 0.2888888890625 0.9387755109375 0.3166666671875 0.8571428578125 0.36666666718749996 0.8408163265624999 0.322222221875 0.8 0.2833333328125 0.8489795921875001 0.2388888890625 0.844897959375 0.20555555625 0.7673469390625 0.13888888906250002 0.7387755109375 0.13888888906250002 0.71020408125 0.172222221875 0.718367346875 0.29444444375 0.6693877546875 0.3111111109375 0.6122448984375 0.372222221875
3 0.37551020468749996 0.42222222187499997 0.3428571421875 0.47222222187499996 0.3265306125 0.5166666671875 0.3265306125 0.5833333328125 0.34693877500000003 0.6111111109375 0.3877551015625 0.6166666671875001 0.4040816328125 0.7333333328125 0.453061225 0.74444444375 0.4775510203125 0.8 0.481632653125 0.8666666671875 0.5183673468750001 0.8666666671875 0.5306122453125 0.8611111109375 0.534693878125 0.7888888890625 0.56326530625 0.7611111109375 0.5714285718750001 0.5555555562500001 0.6 0.522222221875 0.5795918375 0.5111111109375 0.5591836734375 0.43333333281249997 0.5183673468750001 0.3888888890625 0.5265306125 0.2666666671875 0.4857142859375 0.2388888890625 0.4612244890625 0.2388888890625 0.4326530609375 0.2833333328125 0.444897959375 0.3611111109375 0.41632653125 0.40555555625000006 0.37551020468749996 0.42222222187499997
3 0 0.5611111109375 0.0122448984375 0.5944444437499999 0.0571428578125 0.6 0.0408163265625 0.672222221875 0.0571428578125 0.7111111109375 0.0489795921875 0.8055555562500001 0.0775510203125 0.8444444437499999 0.0775510203125 0.8833333328125 0.0938775515625 0.9 0.081632653125 0.9055555562500001 0.11428571406250002 0.9111111109375001 0.0775510203125 0.7611111109375 0.11836734687499999 0.722222221875 0.155102040625 0.722222221875 0.2326530609375 0.85555555625 0.253061225 0.9888888890624999 0.253061225 0.877777778125 0.2326530609375 0.74444444375 0.23673469374999997 0.727777778125 0.253061225 0.727777778125 0.22857142812500003 0.55 0.2612244890625 0.522222221875 0.281632653125 0.45555555625000005 0.3795918375 0.40555555625000006 0.3265306125 0.42222222187499997 0.3265306125 0.39444444375 0.41224489843749995 0.3333333328125 0.2775510203125 0.4166666671875 0.171428571875 0.32777777812500003 0.16326530625 0.2888888890625 0.18367346874999999 0.25555555625 0.17959183750000002 0.222222221875 0.13061224531249999 0.177777778125 0.11020408125 0.177777778125 0.0857142859375 0.21111111093749999 0.0775510203125 0.29444444375 0 0.45555555625000005 0 0.5611111109375
1 0.7795918375 0.99444444375 0.9959183671874999 0.99444444375 0.98367346875 0.772222221875 0.9387755109375 0.75 0.9224489796875 0.75 0.8693877546875 0.7888888890625 0.8612244890625 0.8222222218749999 0.8 0.9111111109375001 0.7795918375 0.99444444375
1 0.76326530625 0.9611111109375001 0.7591836734374999 0.8611111109375 0.7755102046875 0.8388888890624999 0.7795918375 0.79444444375 0.7306122453125 0.75555555625 0.7142857140625 0.75555555625 0.6734693875 0.7833333328125 0.6653061218749999 0.877777778125 0.746938775 0.99444444375 0.76326530625 0.9611111109375001
1 0.3306122453125 0.9111111109375001 0.3142857140625 0.99444444375 0.4326530609375 0.99444444375 0.4326530609375 0.9333333328125001 0.47346938749999995 0.877777778125 0.465306121875 0.772222221875 0.44897959218750005 0.75 0.428571428125 0.75 0.408163265625 0.75 0.391836734375 0.772222221875 0.391836734375 0.8611111109375 0.3306122453125 0.9111111109375001
1 0.097959184375 0.99444444375 0.24489795937499997 0.99444444375 0.22857142812500003 0.85555555625 0.155102040625 0.727777778125 0.11836734687499999 0.727777778125 0.081632653125 0.7611111109375 0.11020408125 0.8666666671875 0.1387755109375 0.8833333328125 0.097959184375 0.99444444375
1 0 0.99444444375 0.07346938750000001 0.99444444375 0.0571428578125 0.9444444437499999 0.07346938750000001 0.8611111109375 0.0408163265625 0.8111111109375001 0.0204081625 0.8111111109375001 0 0.8111111109375001 0 0.99444444375
1 0.653061225 0.99444444375 0.7346938781250001 0.99444444375 0.702040815625 0.9277777781250001 0.653061225 0.877777778125 0.63673469375 0.7888888890625 0.6122448984375 0.7666666671875 0.5959183671875 0.7666666671875 0.5428571421874999 0.7888888890625 0.5387755109375 0.8611111109375 0.6 0.89444444375 0.653061225 0.99444444375
1 0.30612244843749997 0.877777778125 0.371428571875 0.8666666671875 0.371428571875 0.8111111109375001 0.3959183671875 0.74444444375 0.38367346874999997 0.627777778125 0.34693877500000003 0.622222221875 0.318367346875 0.55 0.3306122453125 0.4888888890625 0.36734693906250004 0.43333333281249997 0.31020408125 0.4611111109375 0.2734693875 0.45555555625000005 0.281632653125 0.477777778125 0.253061225 0.5722222218749999 0.2612244890625 0.9444444437499999 0.265306121875 0.99444444375 0.28571428593750003 0.99444444375 0.30612244843749997 0.877777778125
1 0.42040816249999996 0.322222221875 0.41632653125 0.2611111109375 0.37551020468749996 0.1666666671875 0.334693878125 0.1611111109375 0.31020408125 0.1888888890625 0.297959184375 0.25 0.2408163265625 0.35555555625 0.2693877546875 0.4 0.42040816249999996 0.322222221875