3 1 0.2897058828125 0.9913793109375 0.28823529375 0.9827586203124999 0.317647059375 0.8965517234375 0.3705882359375 0.8793103453125 0.3235294125 0.836206896875 0.282352940625 0.887931034375 0.23529411718749998 0.8836206890625 0.2 0.8017241374999999 0.1294117640625 0.7715517234375 0.1294117640625 0.7413793109375 0.1647058828125 0.75 0.294117646875 0.6982758625 0.31176470625 0.637931034375 0.3764705875 0.612068965625 0.42352941250000004 0.612068965625 0.4764705875 0.6293103453125 0.5235294125000001 0.67241379375 0.5294117640625 0.637931034375 0.5411764703124999 0.6206896546875 0.6 0.6465517234375 0.594117646875 0.65086206875 0.5764705875 0.67241379375 0.58823529375 0.6681034484375 0.81176470625 0.6853448281250001 0.8647058828124999 0.6982758625 0.81176470625 0.7284482765625 0.7823529406249999 0.8017241374999999 0.794117646875 0.8189655171875 0.8235294124999999 0.79741379375 0.9058823531250001 0.814655171875 0.9941176468749999 0.82758620625 0.9470588234375 0.8706896546875 0.8823529406249999 0.8663793109375 0.61176470625 0.8793103453125 0.582352940625 0.8706896546875 0.5705882359375 0.8965517234375 0.5588235296875 0.913793103125 0.5117647062499999 0.913793103125 0.42352941250000004 0.9008620687500001 0.394117646875 1 0.3148073 1 0.2897058828125
3 0.4181034484375 0.7588235296875 0.4698275859375 0.7705882359375 0.4956896546875 0.8294117640625001 0.5 0.9 0.538793103125 0.9 0.5517241375 0.894117646875 0.5560344828125 0.817647059375 0.586206896875 0.78823529375 0.5948275859375001 0.5705882359375 0.625 0.5352941171875 0.6034482765625 0.5235294125000001 0.5818965515625 0.44117647031249996 0.538793103125 0.394117646875 0.54741379375 0.2647058828125 0.5043103453125 0.23529411718749998 0.47844827656250005 0.23529411718749998 0.44827586249999996 0.282352940625 0.461206896875 0.3647058828125 0.4310344828125 0.41176470624999995 0.387931034375 0.42941176406250003 0.3534482765625 0.48235294062499995 0.336206896875 0.5294117640625 0.336206896875 0.6 0.3577586203125 0.6294117640625 0.40086206874999997 0.6352941171875 0.4181034484375 0.7588235296875
3 0.2586206890625 1 0.2586206890625 0.91176470625 0.23706896562500002 0.7705882359375 0.24137931093749998 0.7529411765625 0.2586206890625 0.7529411765625 0.2327586203125 0.5647058828125 0.2672413796875 0.5352941171875 0.288793103125 0.4647058828125 0.3922413796875 0.41176470624999995 0.336206896875 0.42941176406250003 0.336206896875 0.4 0.42672413750000004 0.3352941171875 0.284482759375 0.42352941250000004 0.17241379375000002 0.3294117640625 0.163793103125 0.28823529375 0.185344828125 0.2529411765625 0.1810344828125 0.217647059375 0.12931034531250002 0.1705882359375 0.10775862031250001 0.1705882359375 0.0818965515625 0.20588235312499997 0.0732758625 0.294117646875 0 0.4467492234375 0 0.6 0.0043103453125 0.61176470625 0.0517241375 0.6176470593750001 0.034482759375 0.694117646875 0.0517241375 0.7352941171875 0.043103448437500004 0.8352941171875001 0.0732758625 0.8764705875000001 0.0732758625 0.917647059375 0.090517240625 0.9352941171875001 0.07758620625 0.9411764703125 0.11206896562499999 0.9470588234375 0.0732758625 0.78823529375 0.11637931093750001 0.7470588234375 0.15517241406249999 0.7470588234375 0.23706896562500002 0.88823529375 0.2541307453125 1 0.2586206890625 1
1 1 0.7850267359374999 0.9827586203124999 0.7764705875 0.9655172406249999 0.7764705875 0.9094827593750001 0.817647059375 0.9008620687500001 0.8529411765624999 0.836206896875 0.9470588234375 0.8232758625000001 1 1 1 1 0.7850267359374999
1 0.79741379375 1 0.7931034484375 0.894117646875 0.810344828125 0.8705882359375 0.814655171875 0.8235294124999999 0.762931034375 0.7823529406249999 0.7456896546875 0.7823529406249999 0.70258620625 0.81176470625 0.6939655171875 0.91176470625 0.7555418703125001 1 0.79741379375 1
1 0.44827586249999996 1 0.44827586249999996 0.9705882359375 0.4913793109375 0.91176470625 0.48275862031249994 0.8 0.465517240625 0.7764705875 0.4439655171875 0.7764705875 0.42241379375 0.7764705875 0.4051724140625 0.8 0.4051724140625 0.894117646875 0.340517240625 0.9470588234375 0.33017241406250003 1 0.44827586249999996 1
1 0.24586206875 1 0.2327586203125 0.88823529375 0.15517241406249999 0.7529411765625 0.11637931093750001 0.7529411765625 0.07758620625 0.78823529375 0.10775862031250001 0.9 0.137931034375 0.917647059375 0.10775862031250001 1 0.24586206875 1
1 0.057471262499999995 1 0.0517241375 0.982352940625 0.0689655171875 0.894117646875 0.034482759375 0.8411764703125 0.012931034375 0.8411764703125 0 0.8411764703125 0 1 0.057471262499999995 1
1 0.75 1 0.7327586203124999 0.9647058828124999 0.6810344828125 0.91176470625 0.663793103125 0.817647059375 0.637931034375 0.794117646875 0.6206896546875 0.794117646875 0.5646551718749999 0.817647059375 0.5603448281250001 0.894117646875 0.625 0.9294117640625 0.6623563234375001 1 0.75 1
1 0.29926108125 1 0.31465517187500003 0.91176470625 0.3836206890625 0.9 0.3836206890625 0.8411764703125 0.409482759375 0.7705882359375 0.3965517234375 0.6470588234375 0.3577586203125 0.6411764703125 0.32758620625 0.5647058828125 0.340517240625 0.5 0.3793103453125 0.44117647031249996 0.3189655171875 0.4705882359375 0.28017241406250004 0.4647058828125 0.288793103125 0.48823529375 0.2586206890625 0.58823529375 0.2672413796875 0.982352940625 0.268678159375 1 0.29926108125 1
1 0.24568965468749998 0.35882352968750003 0.27586206875 0.405882353125 0.435344828125 0.3235294125 0.4310344828125 0.2588235296875 0.387931034375 0.1588235296875 0.34482758593749996 0.1529411765625 0.3189655171875 0.18235294062500002 0.3060344828125 0.24705882343750002 0.24568965468749998 0.35882352968750003