2 0.0375817 0.9044117640625 0.0702614375 0.919117646875 0.08496732031250001 0.9975490203125 0.19444444375 0.9975490203125 0.1830065359375 0.8823529406249999 0.20588235312499997 0.840686275 0.20424836562499998 0.723039215625 0.1830065359375 0.6127450984375 0.1666666671875 0.5833333328125 0.14215686249999998 0.57107843125 0.13888888906250002 0.5073529406249999 0.1307189546875 0.4828431375 0.09640522812499999 0.4754901953125 0.081699346875 0.49264705937500003 0.08333333281250001 0.5514705875 0.071895425 0.5833333328125 0.0310457515625 0.615196078125 0.0032679734374999997 0.740196078125 0 0.7916666671875 0.008169934375 0.8259803921875 0.027777778125000003 0.8651960781250001 0.0375817 0.9044117640625
2 0.383986928125 0.8333333328125001 0.3905228765625 0.8684632359375 0.38725490156250003 0.9264705875000001 0.40032679687500006 0.9338235296875 0.41013071874999996 0.8431372546875 0.4264705875 0.8455882359375 0.43300653593750005 0.8995098046875001 0.4591503265625 0.8970588234375001 0.4591503265625 0.8799019609375 0.44771241875 0.85539215625 0.454248365625 0.6568627453125 0.44281045781249995 0.6225490203125 0.44281045781249995 0.5955882359375 0.455882353125 0.5563725484375001 0.41830065312500003 0.46323529375000005 0.40196078437500005 0.4607843140625 0.3888888890625 0.47303921562499995 0.3908382359375 0.523602940625 0.3578431375 0.5857843140625 0.3578431375 0.6372549015625 0.3888888890625 0.6642156859375 0.382352940625 0.73039215625 0.383986928125 0.8333333328125001
2 0.4591503265625 0.8995098046875001 0.46568627500000004 0.98039215625 0.4689542484375 0.9877450984375 0.48202614375 0.98039215625 0.491830065625 0.8823529406249999 0.5013366015625 0.8175367640625 0.5245098046875001 0.938725490625 0.526143790625 0.9975490203125 0.544117646875 0.9975490203125 0.5588235296875 0.98039215625 0.5588235296875 0.9607843140625001 0.545751634375 0.9338235296875 0.5506535953125 0.9068627453125 0.5408496734375 0.7450980390625 0.5571895421875 0.6568627453125 0.55392156875 0.6225490203125 0.5375816999999999 0.5833333328125 0.5147058828125 0.5563725484375001 0.509803921875 0.5245098046875001 0.5147058828125 0.49754902031250003 0.508169934375 0.4779411765625 0.49673202656250004 0.46568627500000004 0.4787581703125 0.46568627500000004 0.4673202609375 0.4852941171875 0.47222222187499996 0.5318627453125 0.44444444375 0.5931372546875 0.46568627500000004 0.7671568625 0.4591503265625 0.8995098046875001
2 0.562091503125 0.6372549015625 0.55228758125 0.688725490625 0.562091503125 0.715686275 0.5702614374999999 0.830882353125 0.5571895421875 0.8848039218749999 0.560457515625 0.8970588234375001 0.6111111109375 0.8627450984375 0.596405228125 0.7352941171875 0.6078431375 0.6764705875 0.6111111109375 0.590686275 0.5947712421875 0.49509803906250005 0.5751633984375 0.4852941171875 0.5588235296875 0.5049019609375 0.563725490625 0.5514705875 0.5506535953125 0.6127450984375 0.562091503125 0.6225490203125 0.562091503125 0.6372549015625
2 0.6993464046875 0.78676470625 0.7175817 0.7979411765625 0.7223333328125 0.691056371875 0.73202614375 0.8235294124999999 0.7467320265625 0.8186274515624999 0.7434640515625001 0.7254901953124999 0.7549019609375 0.6642156859375 0.7549019609375 0.625 0.7467320265625 0.57107843125 0.7205882359375 0.5147058828125 0.722222221875 0.5 0.715686275 0.48774509843749997 0.704248365625 0.4852941171875 0.6944444437499999 0.49754902031250003 0.69607843125 0.5392156859375 0.6813725484375001 0.5588235296875 0.6732026140625 0.58823529375 0.6732026140625 0.6127450984375 0.7009803921875 0.66176470625 0.69607843125 0.6740196078125 0.6993464046875 0.78676470625
2 0.76633986875 0.723039215625 0.7745098046875001 0.5931372546875 0.7875816999999999 0.57107843125 0.7614379078125 0.5 0.7565359484374999 0.49264705937500003 0.7434640515625001 0.49754902031250003 0.7434640515625001 0.5514705875 0.758169934375 0.64460784375 0.7516339875 0.7181372546875 0.76633986875 0.723039215625
2 0.98039215625 0.5686274515624999 0.98039215625 0.578431371875 0.98202614375 0.5833333328125 0.9885620921875 0.58823529375 0.9934640515625001 0.58823529375 0.9950980390625 0.5833333328125 0.9950980390625 0.5759803921875 0.9983660125 0.5735294125 0.9983660125 0.5392156859375 0.9950980390625 0.534313725 0.9967320265625 0.526960784375 0.9950980390625 0.5245098046875001 0.9950980390625 0.5171568625 0.9918300656250001 0.5073529406249999 0.9901960781250001 0.5049019609375 0.9852941171875 0.5049019609375 0.98366013125 0.5073529406249999 0.98202614375 0.5147058828125 0.9754901953124999 0.5245098046875001 0.9771241828124999 0.5588235296875 0.98039215625 0.5686274515624999
2 0.6127450984375 0.7009803921875 0.633986928125 0.7009803921875 0.633986928125 0.69607843125 0.62581699375 0.686274509375 0.62581699375 0.590686275 0.6274509796875 0.5833333328125 0.635620915625 0.5759803921875 0.635620915625 0.561274509375 0.6274509796875 0.5490196078125 0.6111111109375 0.5 0.6029411765625 0.5 0.5996732031249999 0.509803921875 0.5996732031249999 0.546568628125 0.6029411765625 0.5686274515624999 0.6111111109375 0.58823529375 0.6127450984375 0.7009803921875
2 0.7875816999999999 0.5171568625 0.777777778125 0.4705882359375 0.7685343140625001 0.4800980390625 0.758169934375 0.48774509843749997 0.774686275 0.5354338234375 0.7785996734375 0.5253725484375 0.789225490625 0.549686275 0.7875816999999999 0.5171568625
0 0.6209150328125 0.5857843140625 0.6290849671875 0.6470588234375 0.6405228765625 0.659313725 0.687908496875 0.651960784375 0.6911764703125 0.6421568625 0.6764705875 0.625 0.669934640625 0.5931372546875 0.6944444437499999 0.5392156859375 0.6911764703125 0.49509803906250005 0.6192810453125001 0.49509803906250005 0.614379084375 0.49754902031250003 0.6192810453125001 0.5294117640625 0.6372549015625 0.561274509375 0.6209150328125 0.5857843140625
0 0.8578431375 0.64460784375 0.8954248359375001 0.6299019609375 0.903594771875 0.6102941171875 0.87418300625 0.563725490625 0.7973856203125 0.5588235296875 0.7892156859375 0.563725490625 0.7810457515625 0.5931372546875 0.7810457515625 0.66176470625 0.8218954249999999 0.6813725484375001 0.83986928125 0.6764705875 0.8578431375 0.64460784375