1 1 0.6214032328125 0.8625 0.6461794015625 0.8074999999999999 0.6179401999999999 0.75 0.6212624578125 0.7 0.639534884375 0.74 0.6910299 0.6875 0.712624584375 0.5900000000000001 0.7225913625 0.5625 0.7358803984375 0.5475 0.7574750828125 0.55 0.7857142859375 0.5875 0.8189368765625 0.625 0.8322259140625 0.6599999999999999 0.830564784375 0.6925 0.8903654484375 0.6 0.9036544843750001 0.4025 0.8970099671874999 0.355 0.9053156140624999 0.32999999999999996 0.9136212625000001 0.3275 0.92026578125 0.34249999999999997 0.9269102984375 0.34249999999999997 0.95681063125 0.3675 0.9684385375 0.4125 0.9833887046875001 0.4325 0.9833887046875001 0.495 0.9501661125 0.725 0.96345515 0.7775000000000001 0.960132890625 0.835 0.9451827249999999 0.9525 0.873754153125 0.97 0.8405315609375 1 0.8243355484375 1 0.6214032328125
1 0.4225 0.5847176078125 0.4875 0.5730897015624999 0.6125 0.6096345515625 0.605 0.59800664375 0.6125 0.5664451828125 0.6 0.5631229234374999 0.5349999999999999 0.56146179375 0.4625 0.5498338875 0.4025 0.5498338875 0.3975 0.5714285718750001 0.4225 0.5847176078125
1 1 0.40629274843749996 0.925 0.4136212625 0.8800000000000001 0.410299003125 0.8125 0.3621262453125 0.7725 0.30897009999999997 0.6725 0.2425249171875 0.6375 0.23588039843750003 0.5675 0.1993355484375 0.5075000000000001 0.11295681093750001 0.48 0.11295681093750001 0.45499999999999996 0.0863787375 0.4325 0.096345515625 0.4125 0.0847176078125 0.40750000000000003 0.096345515625 0.42000000000000004 0.11295681093750001 0.3975 0.114617940625 0.395 0.1279069765625 0.44749999999999995 0.1843853828125 0.445 0.1910299 0.4025 0.1910299 0.395 0.20099667812500002 0.5125 0.22591362187500003 0.5625 0.25083056406250004 0.615 0.3006644515625 0.645 0.317275746875 0.7325 0.41196013281250005 0.76 0.4651162796875 0.76 0.4916943515625 0.77 0.50664451875 0.7275 0.5299003328125 0.7025 0.5315614625 0.6575 0.5514950171875 0.6625 0.5813953484375001 0.6775 0.601328903125 0.6950000000000001 0.6096345515625 0.7375 0.6162790703125001 0.7675 0.596345515625 0.825 0.59800664375 0.8800000000000001 0.5880398671875 0.8949999999999999 0.5780730890625 0.9275 0.5714285718750001 0.975 0.5730897015624999 0.99 0.57973421875 0.9925 0.5697674421875 1 0.5697674421875 1 0.40629274843749996
1 0.4925 0.30897009999999997 0.485 0.342192690625 0.5025000000000001 0.3770764125 0.465 0.3870431890625 0.4575 0.3953488375 0.44749999999999995 0.3936877078125 0.43 0.40863787343749997 0.40499999999999997 0.3970099671875 0.375 0.3970099671875 0.3675 0.3870431890625 0.36 0.3953488375 0.3275 0.40365448437499996 0.29500000000000004 0.42691029843750006 0.2625 0.428571428125 0.265 0.4335548171875 0.3075 0.4318936875 0.3325 0.45348837187499996 0.34750000000000003 0.45681063125000004 0.62 0.46179402031250005 0.7025 0.45182724218750003 0.7424999999999999 0.4401993359375 0.7075 0.380398671875 0.675 0.34717607968749997 0.61 0.2973421921875 0.5974999999999999 0.29568106250000004 0.5875 0.3006644515625 0.51 0.3006644515625 0.4925 0.30897009999999997
1 1 0.1995728515625 0.8875 0.22093023281250002 0.845 0.23588039843750003 0.735 0.25249169375 0.7224999999999999 0.2607973421875 0.7325 0.2890365453125 0.7474999999999999 0.290697675 0.7575000000000001 0.30398671093749996 0.765 0.3355481734375 0.7849999999999999 0.33887043125 0.8074999999999999 0.3571428578125 0.7975 0.367109634375 0.8225 0.367109634375 0.8525 0.3870431890625 0.8525 0.398671096875 0.8825 0.410299003125 0.95 0.410299003125 1 0.40199335625000004 1 0.1995728515625
1 0.35750000000000004 0.5996677734375 0.355 0.57973421875 0.315 0.57475083125 0.3125 0.5847176078125 0.29 0.59800664375 0.2725 0.5780730890625 0.26749999999999996 0.5880398671875 0.23500000000000001 0.5880398671875 0.2225 0.5946843859375 0.2325 0.61129568125 0.265 0.6129568109375 0.265 0.62956810625 0.1975 0.657807309375 0.20750000000000002 0.6611295687500001 0.26 0.651162790625 0.32 0.6245847171875 0.355 0.6245847171875 0.3725 0.6495016609375 0.44749999999999995 0.65448505 0.45 0.6428571421875 0.3975 0.6312292359375 0.41500000000000004 0.6029900328125 0.35750000000000004 0.5996677734375
1 0.625 0.5498338875 0.6375 0.5382059796875 0.67 0.5315614625 0.6675 0.52491694375 0.61 0.5265780734375001 0.5974999999999999 0.5299003328125 0.595 0.5382059796875 0.5575 0.5382059796875 0.5475 0.5299003328125 0.515 0.5299003328125 0.5 0.5132890359375 0.4375 0.5232558140625 0.4 0.5199335546875 0.325 0.5265780734375001 0.325 0.509966778125 0.315 0.503322259375 0.29500000000000004 0.5083056484374999 0.2725 0.5299003328125 0.2425 0.5182724249999999 0.225 0.52491694375 0.2475 0.539867109375 0.2425 0.5481727578125 0.215 0.554817275 0.2125 0.5631229234374999 0.2225 0.5714285718750001 0.2475 0.5714285718750001 0.26749999999999996 0.5631229234374999 0.2975 0.6079734218749999 0.305 0.6079734218749999 0.3125 0.5697674421875 0.4025 0.5813953484375001 0.3875 0.5664451828125 0.39249999999999996 0.5448504984375 0.5425 0.554817275 0.625 0.5498338875
1 0.155 0.44850498281249995 0.15 0.45182724218750003 0.16 0.45681063125000004 0.2125 0.460132890625 0.22749999999999998 0.47176079687500005 0.2225 0.4800664453125 0.1925 0.48338870468749995 0.1925 0.5016611296875 0.22000000000000003 0.503322259375 0.24 0.49335548124999995 0.2525 0.503322259375 0.3225 0.5016611296875 0.4 0.460132890625 0.34249999999999997 0.45681063125000004 0.31 0.4335548171875 0.2475 0.43853820624999995 0.22000000000000003 0.44850498281249995 0.155 0.44850498281249995
1 0.205 0.41196013281250005 0.215 0.42691029843750006 0.25 0.428571428125 0.3075 0.4152823921875 0.3175 0.3970099671875 0.3525 0.39202657812499997 0.3875 0.3687707640625 0.32 0.37541528281250003 0.265 0.39202657812499997 0.24500000000000002 0.4053156140625 0.215 0.40697674375000004 0.205 0.41196013281250005
1 0.3075 0.35215946875 0.32 0.3654485046875 0.335 0.3687707640625 0.34750000000000003 0.35880398593749996 0.3975 0.3571428578125 0.39 0.3355481734375 0.41 0.3255813953125 0.4025 0.3156146171875 0.34500000000000003 0.32059800625 0.315 0.290697675 0.305 0.2973421921875 0.3075 0.35215946875
1 0.6975 0.6495016609375 0.6174999999999999 0.6162790703125001 0.58 0.6245847171875 0.5725 0.6162790703125001 0.5575 0.614617940625 0.515 0.62956810625 0.5025000000000001 0.6279069765624999 0.45499999999999996 0.5880398671875 0.48 0.6378737546875 0.48 0.6727574749999999 0.495 0.687707640625 0.495 0.6960132890625 0.475 0.709302325 0.47750000000000004 0.725913621875 0.49000000000000005 0.73421926875 0.5075000000000001 0.73421926875 0.5375 0.7109634546875 0.6 0.712624584375 0.5974999999999999 0.6960132890625 0.615 0.676079734375 0.6475 0.6777408640625 0.675 0.6710963453125001 0.6975 0.657807309375 0.6975 0.6495016609375
1 1 0.9280603125000001 0.8800000000000001 0.941860465625 0.8400000000000001 0.9551495015624999 0.7925 0.9817275750000001 0.77 0.9833887046875001 0.76 0.971760796875 0.745 0.9684385375 0.6224999999999999 0.9700996671875 0.5900000000000001 0.9800664453125 0.58 0.9966777406249999 0.58 1 1 1 1 0.9280603125000001
1 1 0.15957918124999998 0.9724999999999999 0.1644518265625 0.9425000000000001 0.157807309375 0.8699999999999999 0.1644518265625 0.7424999999999999 0.15448504999999998 0.5549999999999999 0.16611295625 0.5675 0.17940199375000002 0.5900000000000001 0.176079734375 0.5974999999999999 0.182724253125 0.63 0.187707640625 0.63 0.2043189375 0.67 0.237541528125 0.6825 0.23421926875 0.705 0.2392026578125 0.71 0.24750830625 0.72 0.2408637875 0.78 0.2425249171875 0.9475 0.2059800671875 0.9525 0.1993355484375 0.9925 0.19767441875 1 0.19269102968750002 1 0.15957918124999998
1 0.5333333328125 0 0.51 0.023255814062499998 0.5125 0.0382059796875 0.5349999999999999 0.071428571875 0.5599999999999999 0.07973421875 0.5900000000000001 0.07973421875 0.64 0.058139534375 0.6625 0.0564784046875 0.6849999999999999 0.07475083125000001 0.7075 0.076411959375 0.7275 0.0946843859375 0.745 0.09800664375 0.96 0.07475083125000001 1 0.066777409375 1 0 0.5333333328125 0
1 1 0.0777749390625 0.9125 0.08970099687500001 0.7325 0.10132890312500001 0.6925 0.07475083125000001 0.6475 0.10465116249999999 0.63 0.107973421875 0.6224999999999999 0.12956810624999998 0.5675 0.1279069765625 0.5525 0.13787375468750002 0.5525 0.16112956875 0.7625 0.1528239203125 0.8825 0.1627906984375 0.9175000000000001 0.15448504999999998 0.9974999999999999 0.15448504999999998 1 0.153488371875 1 0.126245846875 0.9974999999999999 0.126245846875 0.985 0.10465116249999999 1 0.1016611296875 1 0.0777749390625
1 0.1975 0.40863787343749997 0.255 0.40365448437499996 0.26 0.3953488375 0.315 0.3770764125 0.3175 0.3654485046875 0.2875 0.3687707640625 0.185 0.317275746875 0.185 0.3289036546875 0.24 0.3787375421875 0.1975 0.39202657812499997 0.1975 0.40863787343749997