1 0.9689542484375 0.9056603781250001 0.9705882359375 0.9127358484375 0.9869281046875 0.87971698125 0.9983660125 0.8207547171874999 0.9950980390625 0.8018867921874999 0.9689542484375 0.7877358484375 0.9624183000000001 0.7594339625 0.9493464046875 0.75 0.936274509375 0.7594339625 0.937908496875 0.7853773578125 0.9232026140625 0.8018867921874999 0.937908496875 0.9268867921874999 0.9526143796875 0.9339622640625 0.9526143796875 0.9080188671875 0.9689542484375 0.9056603781250001
1 0.903594771875 0.853773584375 0.90849673125 0.8584905656249999 0.9264705875000001 0.8443396218749999 0.919934640625 0.8136792453125 0.9346405234375 0.7783018875 0.939542484375 0.6886792453125 0.9297385625000001 0.6768867921874999 0.9297385625000001 0.6603773578125 0.918300653125 0.6344339625 0.903594771875 0.622641509375 0.8970588234375001 0.5707547171875 0.8823529406249999 0.5707547171875 0.8774509796875 0.61084905625 0.8627450984375 0.632075471875 0.8660130718750001 0.875 0.8888888890625 0.8679245281249999 0.8954248359375001 0.875 0.903594771875 0.853773584375
1 0.8627450984375 0.9080188671875 0.85620915 0.8419811328125 0.83986928125 0.8349056609375 0.8251633984375 0.7877358484375 0.813725490625 0.780660378125 0.8088235296875 0.742924528125 0.795751634375 0.738207546875 0.7875816999999999 0.747641509375 0.784313725 0.7712264156249999 0.7728758171875 0.7830188671875 0.776143790625 0.9033018875 0.8627450984375 0.9080188671875
1 0.76797385625 0.8396226421874999 0.7647058828125 0.733490565625 0.7614379078125 0.6886792453125 0.7467320265625 0.6603773578125 0.7483660125 0.625 0.741830065625 0.608490565625 0.7254901953124999 0.613207546875 0.7271241828125 0.6533018875 0.7107843140625 0.6792452828125 0.7124183000000001 0.849056603125 0.722222221875 0.9221698109375 0.759803921875 0.9245283015625001 0.76797385625 0.8396226421874999
1 0.6846405234375 0.9339622640625 0.69771241875 0.9174528296875 0.69771241875 0.8820754718750001 0.707516340625 0.856132075 0.7091503265625 0.76415094375 0.7026143796875 0.72641509375 0.707516340625 0.7146226421875 0.705882353125 0.6650943390624999 0.6911764703125 0.61084905625 0.6813725484375001 0.5966981125 0.6666666671875 0.60141509375 0.6454248359375 0.6886792453125 0.653594771875 0.856132075 0.66176470625 0.8632075468749999 0.66013071875 0.9316037734375 0.6846405234375 0.9339622640625
1 0.6111111109375 0.9410377359375 0.62581699375 0.9292452828125001 0.6388888890625 0.9316037734375 0.6405228765625 0.8915094343750001 0.653594771875 0.872641509375 0.6421568625 0.731132075 0.6454248359375 0.6721698109375 0.6388888890625 0.6674528296875 0.635620915625 0.622641509375 0.6192810453125001 0.625 0.6192810453125001 0.6533018875 0.6013071890624999 0.6792452828125 0.598039215625 0.6981132078125001 0.6013071890624999 0.88915094375 0.6078431375 0.9080188671875 0.6013071890624999 0.9386792453125 0.6111111109375 0.9410377359375
1 0.48856209218749996 0.9198113203125 0.48366013125 0.978773584375 0.490196078125 0.981132075 0.5065359484374999 0.9481132078125001 0.51797385625 0.9551886796875 0.51960784375 0.9693396218749999 0.5326797390625 0.9646226421874999 0.5294117640625 0.9363207546875 0.5359477125 0.9339622640625 0.5310457515625 0.9221698109375 0.5375816999999999 0.9198113203125 0.5359477125 0.9080188671875 0.544117646875 0.88915094375 0.5375816999999999 0.7900943390624999 0.542483659375 0.75 0.5359477125 0.7051886796875 0.509803921875 0.6462264156249999 0.4983660125 0.64858490625 0.490196078125 0.6698113203125 0.491830065625 0.6839622640624999 0.4787581703125 0.6957547171875 0.4754901953125 0.7122641515625 0.4754901953125 0.757075471875 0.48202614375 0.7830188671875 0.48202614375 0.896226415625 0.48856209218749996 0.9198113203125
1 0.5326797390625 0.6462264156249999 0.527777778125 0.6839622640624999 0.542483659375 0.7287735843750001 0.5408496734375 0.8042452828125001 0.5473856203125 0.856132075 0.55392156875 0.86084905625 0.5506535953125 0.88915094375 0.5653594765625 0.9033018875 0.581699346875 0.8867924531250001 0.5686274515624999 0.6863207546875 0.55228758125 0.613207546875 0.5473856203125 0.6037735843750001 0.5359477125 0.606132075 0.5473856203125 0.61084905625 0.544117646875 0.62028301875 0.5490196078125 0.6344339625 0.5326797390625 0.6462264156249999
1 0.41339869218749997 0.9080188671875 0.41339869218749997 0.9504716984374999 0.43464052343750004 0.9575471703125 0.436274509375 0.9386792453125 0.44771241875 0.9339622640625 0.45751634062499996 0.87971698125 0.454248365625 0.72641509375 0.44607843125 0.6533018875 0.42973856250000003 0.6533018875 0.4232026140625 0.6933962265625 0.4068627453125 0.731132075 0.40359477187500004 0.7900943390624999 0.40849673124999997 0.7971698109375 0.4068627453125 0.8820754718750001 0.41339869218749997 0.9080188671875
1 0.364379084375 0.9646226421874999 0.382352940625 0.9433962265625 0.3921568625 0.9504716984374999 0.40849673124999997 0.9174528296875 0.40359477187500004 0.89858490625 0.4068627453125 0.8042452828125001 0.40196078437500005 0.780660378125 0.4068627453125 0.719339621875 0.4166666671875 0.6981132078125001 0.4166666671875 0.6792452828125 0.4052287578125 0.6627358484375 0.40032679687500006 0.617924528125 0.38725490156250003 0.625 0.382352940625 0.6580188671875 0.367647059375 0.6745283015625 0.3578431375 0.7028301890625 0.3513071890625 0.87028301875 0.3578431375 0.88915094375 0.3594771234375 0.9575471703125 0.364379084375 0.9646226421874999
1 0.034313725 0.9033018875 0.045751634375 0.8915094343750001 0.045751634375 0.76415094375 0.063725490625 0.738207546875 0.063725490625 0.6910377359375001 0.044117646875 0.6863207546875 0.044117646875 0.655660378125 0.027777778125000003 0.6533018875 0.026143790625000003 0.6674528296875 0.034313725 0.6863207546875 0.01960784375 0.7122641515625 0.014705882812500001 0.752358490625 0.014705882812500001 0.8844339625 0.021241829687499998 0.896226415625 0.0294117640625 0.8915094343750001 0.034313725 0.9033018875
1 0.08823529375 0.896226415625 0.09150326875 0.8113207546875 0.114379084375 0.7051886796875 0.114379084375 0.6839622640624999 0.098039215625 0.6533018875 0.098039215625 0.625 0.08823529375 0.62028301875 0.078431371875 0.62971698125 0.081699346875 0.6627358484375 0.06535947656249999 0.6981132078125001 0.063725490625 0.9339622640625 0.080065359375 0.9504716984374999 0.09477124218750001 0.9127358484375 0.08823529375 0.896226415625
1 0.133986928125 0.9221698109375 0.1290849671875 0.9339622640625 0.13888888906250002 0.9433962265625 0.1307189546875 0.9575471703125 0.15359477187499998 0.9669811328125 0.15849673125 0.9575471703125 0.15359477187499998 0.9457547171874999 0.16993464062500002 0.9150943390625 0.171568628125 0.780660378125 0.1633986921875 0.742924528125 0.15359477187499998 0.733490565625 0.1486928109375 0.6933962265625 0.135620915625 0.7075471703125 0.13888888906250002 0.7169811328125 0.133986928125 0.724056603125 0.14215686249999998 0.7287735843750001 0.13888888906250002 0.742924528125 0.1209150328125 0.76415094375 0.12418300625 0.7830188671875 0.117647059375 0.87028301875 0.12254902031249999 0.9033018875 0.133986928125 0.9221698109375
1 0.10620915 0.9410377359375 0.117647059375 0.9174528296875 0.114379084375 0.8632075468749999 0.1209150328125 0.757075471875 0.132352940625 0.738207546875 0.133986928125 0.6981132078125001 0.1454248359375 0.6863207546875 0.1372549015625 0.6721698109375 0.133986928125 0.641509434375 0.12254902031249999 0.6344339625 0.1094771234375 0.64858490625 0.117647059375 0.6933962265625 0.10294117656249999 0.780660378125 0.09477124218750001 0.7995283015625 0.08986928125 0.8679245281249999 0.09150326875 0.893867925 0.098039215625 0.900943396875 0.0866013078125 0.9433962265625 0.10620915 0.9410377359375
1 0.2205882359375 0.9551886796875 0.23529411718749998 0.9433962265625 0.2467320265625 0.9575471703125 0.241830065625 0.88915094375 0.25 0.87028301875 0.25 0.8443396218749999 0.241830065625 0.8301886796875 0.23529411718749998 0.6981132078125001 0.23529411718749998 0.6863207546875 0.2467320265625 0.6816037734375 0.2467320265625 0.6580188671875 0.23529411718749998 0.655660378125 0.23202614375000002 0.6462264156249999 0.222222221875 0.6863207546875 0.20751634062500002 0.7146226421875 0.2026143796875 0.76415094375 0.20424836562499998 0.8632075468749999 0.1993464046875 0.9080188671875 0.2140522875 0.9198113203125 0.2205882359375 0.9551886796875
1 0.20098039218750002 0.9056603781250001 0.20424836562499998 0.733490565625 0.2107843140625 0.7028301890625 0.223856209375 0.6839622640624999 0.2205882359375 0.6462264156249999 0.20751634062500002 0.650943396875 0.20588235312499997 0.6839622640624999 0.18954248437500001 0.7051886796875 0.17810457500000001 0.757075471875 0.1764705875 0.7900943390624999 0.186274509375 0.8089622640625 0.186274509375 0.8372641515625 0.20098039218750002 0.9056603781250001
1 0.2614379078125 0.9080188671875 0.2826797390625 0.9127358484375 0.2826797390625 0.8679245281249999 0.295751634375 0.8349056609375 0.2990196078125 0.8042452828125001 0.310457515625 0.7900943390624999 0.310457515625 0.73584905625 0.30392156875 0.7028301890625 0.2908496734375 0.6816037734375 0.2892156859375 0.6344339625 0.26960784375 0.63915094375 0.25 0.7004716984375 0.2434640515625 0.7853773578125 0.25326797343749996 0.8018867921874999 0.2565359484375 0.8867924531250001 0.2614379078125 0.9080188671875
1 0.34150326875000003 0.849056603125 0.328431371875 0.8325471703125 0.32516339843750003 0.8066037734375 0.313725490625 0.7948113203125 0.30392156875 0.8018867921874999 0.295751634375 0.8372641515625 0.2859477125 0.85141509375 0.2908496734375 0.9410377359375 0.3366013078125 0.9575471703125 0.3431372546875 0.9033018875 0.34150326875000003 0.849056603125
1 0.312091503125 0.7924528296875 0.32516339843750003 0.8042452828125001 0.328431371875 0.8325471703125 0.3431372546875 0.85141509375 0.3431372546875 0.87971698125 0.3366013078125 0.8867924531250001 0.3431372546875 0.9080188671875 0.33986928125000004 0.9316037734375 0.33169934687499997 0.9363207546875 0.3333333328125 0.9528301890625 0.33823529375 0.9410377359375 0.349673203125 0.9363207546875 0.3447712421875 0.9316037734375 0.3513071890625 0.9198113203125 0.3545751640625 0.7122641515625 0.33986928125000004 0.6768867921874999 0.3349673203125 0.63915094375 0.321895425 0.627358490625 0.312091503125 0.636792453125 0.3071895421875 0.6792452828125 0.2990196078125 0.6910377359375001 0.312091503125 0.733490565625 0.312091503125 0.7924528296875
1 0.4754901953125 0.9150943390625 0.47222222187499996 0.9504716984374999 0.4787581703125 0.9551886796875 0.48366013125 0.9386792453125 0.4771241828125 0.9221698109375 0.4852941171875 0.9150943390625 0.4787581703125 0.9033018875 0.4787581703125 0.7783018875 0.47222222187499996 0.7216981125 0.4771241828125 0.6957547171875 0.48856209218749996 0.6816037734375 0.49673202656250004 0.617924528125 0.4852941171875 0.613207546875 0.47385620937499995 0.625 0.45751634062499996 0.6816037734375 0.45751634062499996 0.7877358484375 0.4689542484375 0.900943396875 0.4754901953125 0.9150943390625
1 0.4264705875 0.6627358484375 0.436274509375 0.6462264156249999 0.43464052343750004 0.62971698125 0.428104575 0.62028301875 0.41176470624999995 0.62971698125 0.41013071874999996 0.6580188671875 0.419934640625 0.6910377359375001 0.42483660156249997 0.6910377359375001 0.4264705875 0.6627358484375