1 0.1935975609375 1 0.2 0.9881756749999999 0.2292682921875 0.98141891875 0.23902439062499997 0.9679054046875001 0.2292682921875 0.9543918921874999 0.20243902500000002 0.95608108125 0.185365853125 0.940878378125 0.0560975609375 0.95608108125 0.048780487500000004 0.971283784375 0.07560975625000001 0.971283784375 0.07804878125 0.9881756749999999 0.0707317078125 0.989864865625 0.0912195125 1 0.1935975609375 1
1 0.314634146875 0.947635134375 0.3317073171875 0.947635134375 0.3585365859375 0.9358108109375 0.3707317078125 0.9206081078125001 0.42439024375 0.9138513515625 0.42439024375 0.8986486484375 0.3829268296875 0.89358108125 0.360975609375 0.878378378125 0.10975609687500001 0.88175675625 0.1170731703125 0.9054054046875001 0.10975609687500001 0.9121621624999999 0.1317073171875 0.9206081078125001 0.12682926875 0.9256756749999999 0.14146341406250001 0.94425675625 0.17317073125 0.9375 0.209756096875 0.952702703125 0.30243902500000003 0.9577702703125001 0.314634146875 0.947635134375
1 0.25121951249999996 0.809121621875 0.2414634140625 0.8006756749999999 0.2170731703125 0.797297296875 0.2048780484375 0.7854729734375 0.0804878046875 0.7888513515625 0.07560975625000001 0.878378378125 0.1439024390625 0.871621621875 0.15121951250000001 0.8547297296874999 0.2 0.8395270265624999 0.2073170734375 0.827702703125 0.2463414640625 0.822635134375 0.25121951249999996 0.809121621875
1 0.3804878046875 0.7364864859375 0.339024390625 0.738175675 0.312195121875 0.721283784375 0.136585365625 0.7229729734375 0.060975609374999996 0.7331081078125 0.058536585937499996 0.771959459375 0.14634146406249998 0.7804054046875 0.25609756093749997 0.7770270265625 0.30243902500000003 0.7736486484375 0.3317073171875 0.7584459453125 0.3682926828125 0.760135134375 0.385365853125 0.7533783781250001 0.3804878046875 0.7364864859375
1 0.27560975625 0.7179054046875 0.32682926874999996 0.716216215625 0.3829268296875 0.7010135140625 0.397560975 0.6908783781250001 0.3926829265625 0.675675675 0.30243902500000003 0.653716215625 0.1292682921875 0.6621621625 0.12195121874999999 0.6706081078125 0.051219512499999995 0.66891891875 0.048780487500000004 0.6942567562499999 0.0658536578125 0.7077702703125001 0.10243902499999999 0.7077702703125001 0.1292682921875 0.7179054046875 0.22439024375 0.7195945953125 0.263414634375 0.7128378375 0.27560975625 0.7179054046875
1 0.3195121953125 0.653716215625 0.32439024375000003 0.646959459375 0.3707317078125 0.64358108125 0.3682926828125 0.6266891890624999 0.339024390625 0.6266891890624999 0.312195121875 0.6081081078125 0.2926829265625 0.6047297296874999 0.0951219515625 0.6081081078125 0.07560975625000001 0.614864865625 0.0439024390625 0.6081081078125 0.041463414062499995 0.6182432437500001 0.053658535937499995 0.6334459453125 0.051219512499999995 0.646959459375 0.0926829265625 0.6486486484375 0.112195121875 0.6621621625 0.2585365859375 0.6503378375 0.3195121953125 0.653716215625
1 0.0170731703125 0.5371621625 0.0463414640625 0.533783784375 0.048780487500000004 0.540540540625 0.060975609374999996 0.5354729734375 0.063414634375 0.5422297296874999 0.07560975625000001 0.540540540625 0.0951219515625 0.5489864859375 0.197560975 0.5422297296874999 0.23902439062499997 0.547297296875 0.28536585312499996 0.540540540625 0.3463414640625 0.5135135140625 0.3439024390625 0.5016891890624999 0.32195121875 0.49324324375 0.30731707343750003 0.4949324328125 0.2951219515625 0.48141891875000004 0.27804878125 0.478040540625 0.2317073171875 0.478040540625 0.2048780484375 0.48479729687499995 0.087804878125 0.48479729687499995 0.063414634375 0.4915540546875 0.002439025 0.48648648593750005 0 0.49324324375 0.0341463421875 0.510135134375 0.026829268750000003 0.521959459375 0.012195121875000001 0.5236486484375 0.0170731703125 0.5371621625
1 0.0951219515625 0.5557432437500001 0.0804878046875 0.5709459453125 0.09756097500000001 0.5878378375 0.3048780484375 0.574324325 0.3804878046875 0.5574324328125 0.390243903125 0.552364865625 0.387804878125 0.540540540625 0.3829268296875 0.552364865625 0.37317073125 0.5489864859375 0.3585365859375 0.5540540546875 0.3463414640625 0.5371621625 0.30731707343750003 0.5320945953125 0.26097560937500003 0.547297296875 0.18292682968750001 0.5456081078125 0.1292682921875 0.552364865625 0.12439024375 0.5591216218749999 0.0951219515625 0.5557432437500001
1 0.263414634375 0.45608108124999996 0.339024390625 0.447635134375 0.339024390625 0.43074324375 0.297560975 0.42398648593750005 0.2585365859375 0.40709459531250003 0.197560975 0.403716215625 0.190243903125 0.408783784375 0.10243902499999999 0.40709459531250003 0.07560975625000001 0.4138513515625 0.0317073171875 0.4138513515625 0.024390243750000002 0.4358108109375 0.0439024390625 0.4375 0.048780487500000004 0.44932432499999997 0.1048780484375 0.459459459375 0.263414634375 0.45608108124999996
1 0.2073170734375 0.4020270265625 0.2707317078125 0.40709459531250003 0.2926829265625 0.41722972968749994 0.312195121875 0.41722972968749994 0.3292682921875 0.40540540468749997 0.37560975625 0.40033783749999996 0.3682926828125 0.38682432499999997 0.3341463421875 0.38175675625 0.3170731703125 0.3665540546875 0.287804878125 0.35641891875 0.114634146875 0.3496621625 0.0951219515625 0.35641891875 0.024390243750000002 0.3581081078125 0.0170731703125 0.36317567500000003 0.039024390625 0.38175675625 0.0317073171875 0.3918918921875 0.0658536578125 0.408783784375 0.085365853125 0.403716215625 0.18292682968750001 0.40709459531250003 0.2073170734375 0.4020270265625
1 0.336585365625 0.0320945953125 0.339024390625 0.015202703125 0.32439024375000003 0.0135135140625 0.3048780484375 0.021959459375 0.27804878125 0.00675675625 0.23658536562500002 0.0016891890625 0.1 0.0016891890625 0.087804878125 0.0084459453125 0.0926829265625 0.0168918921875 0.0804878046875 0.021959459375 0.0926829265625 0.033783784375 0.22439024375 0.033783784375 0.25121951249999996 0.052364865625 0.3 0.052364865625 0.3048780484375 0.0320945953125 0.336585365625 0.0320945953125
1 0.37317073125 0.07770270312500001 0.363414634375 0.0675675671875 0.3292682921875 0.07094594531250001 0.2926829265625 0.0540540546875 0.048780487500000004 0.052364865625 0.0317073171875 0.06925675625 0.0707317078125 0.084459459375 0.087804878125 0.07770270312500001 0.17560975625 0.08108108124999999 0.28536585312499996 0.10472972968750001 0.30731707343750003 0.10472972968750001 0.339024390625 0.0878378375 0.3682926828125 0.0878378375 0.37317073125 0.07770270312500001
1 0.036585365625 0.1452702703125 0.0682926828125 0.16216216249999998 0.2073170734375 0.1638513515625 0.2463414640625 0.1554054046875 0.25609756093749997 0.1452702703125 0.297560975 0.140202703125 0.2829268296875 0.12668918906249999 0.27317073125 0.1300675671875 0.26585365781250003 0.125 0.26097560937500003 0.1334459453125 0.2463414640625 0.1300675671875 0.22439024375 0.11148648593749999 0.2048780484375 0.114864865625 0.114634146875 0.10810810781249999 0.0804878046875 0.113175675 0.060975609374999996 0.125 0.048780487500000004 0.11993243281249999 0.039024390625 0.1300675671875 0.024390243750000002 0.121621621875 0.014634146875 0.1452702703125 0.024390243750000002 0.15033783750000002 0.036585365625 0.1452702703125
1 0.3048780484375 0.136824325 0.3195121953125 0.128378378125 0.3512195125 0.125 0.3585365859375 0.113175675 0.3439024390625 0.0996621625 0.297560975 0.10810810781249999 0.2073170734375 0.0929054046875 0.187804878125 0.084459459375 0.1170731703125 0.07939189218750001 0.090243903125 0.08108108124999999 0.08292682968750001 0.0878378375 0.039024390625 0.0760135140625 0.041463414062499995 0.096283784375 0.0658536578125 0.10810810781249999 0.12195121874999999 0.10472972968750001 0.2317073171875 0.11148648593749999 0.25121951249999996 0.1233108109375 0.2926829265625 0.125 0.3048780484375 0.136824325
1 0.1560975609375 0.2364864859375 0.2926829265625 0.2297297296875 0.3048780484375 0.2297297296875 0.309756096875 0.2415540546875 0.3341463421875 0.2415540546875 0.336585365625 0.2297297296875 0.3463414640625 0.22635135156250002 0.3048780484375 0.21621621562499999 0.27560975625 0.2010135140625 0.22439024375 0.1959459453125 0.12195121874999999 0.197635134375 0.07560975625000001 0.1925675671875 0.063414634375 0.2077702703125 0.026829268750000003 0.21452702656249997 0.039024390625 0.2297297296875 0.024390243750000002 0.2415540546875 0.0951219515625 0.2364864859375 0.114634146875 0.2449324328125 0.14146341406250001 0.2449324328125 0.1560975609375 0.2364864859375
1 0.30731707343750003 0.199324325 0.28536585312499996 0.1824324328125 0.2317073171875 0.1706081078125 0.197560975 0.16891891875 0.17804878125 0.1790540546875 0.1487804875 0.1790540546875 0.07804878125 0.19425675625 0.25609756093749997 0.197635134375 0.287804878125 0.2043918921875 0.30731707343750003 0.21790540468750003 0.3463414640625 0.21452702656249997 0.3414634140625 0.2010135140625 0.30731707343750003 0.199324325
1 0.2536585359375 0.3074324328125 0.287804878125 0.30067567500000003 0.309756096875 0.2871621625 0.3585365859375 0.2854729734375 0.3536585359375 0.265202703125 0.29024390312500004 0.2449324328125 0.20243902500000002 0.238175675 0.185365853125 0.2483108109375 0.09756097500000001 0.25168918906250004 0.07560975625000001 0.25675675625 0.0707317078125 0.278716215625 0.1170731703125 0.278716215625 0.15121951250000001 0.2922297296875 0.18292682968750001 0.2956081078125 0.197560975 0.3074324328125 0.2536585359375 0.3074324328125
1 0.1341463421875 0.2820945953125 0.041463414062499995 0.2871621625 0.024390243750000002 0.334459459375 0.0804878046875 0.341216215625 0.136585365625 0.3395270265625 0.1536585359375 0.3260135140625 0.1804878046875 0.322635134375 0.1926829265625 0.31081081093749996 0.185365853125 0.30067567500000003 0.1487804875 0.2922297296875 0.1341463421875 0.2820945953125
1 0.07560975625000001 0.341216215625 0.051219512499999995 0.3378378375 0.0463414640625 0.3293918921875 0.0292682921875 0.33108108125 0.041463414062499995 0.3361486484375 0.0463414640625 0.3479729734375 0.051219512499999995 0.3429054046875 0.063414634375 0.3496621625 0.27804878125 0.353040540625 0.314634146875 0.3378378375 0.3536585359375 0.3327702703125 0.3658536578125 0.31925675625 0.3560975609375 0.30912162187500003 0.312195121875 0.3040540546875 0.3 0.2956081078125 0.25609756093749997 0.30912162187500003 0.1951219515625 0.30912162187500003 0.18292682968750001 0.322635134375 0.1536585359375 0.3260135140625 0.1341463421875 0.341216215625 0.1048780484375 0.341216215625 0.09756097500000001 0.334459459375 0.07560975625000001 0.341216215625
1 0.0804878046875 0.48141891875000004 0.209756096875 0.48141891875000004 0.26829268281249996 0.47466216250000004 0.2951219515625 0.47972972968749994 0.309756096875 0.4915540546875 0.37560975625 0.5 0.3804878046875 0.48817567500000003 0.3682926828125 0.4763513515625 0.309756096875 0.459459459375 0.2 0.459459459375 0.08292682968750001 0.471283784375 0.0682926828125 0.478040540625 0.0317073171875 0.47466216250000004 0.026829268750000003 0.48141891875000004 0.0439024390625 0.48648648593750005 0.060975609374999996 0.47972972968749994 0.0682926828125 0.48817567500000003 0.0804878046875 0.48141891875000004
1 0.3 0.4206081078125 0.3 0.42567567500000003 0.3292682921875 0.427364865625 0.3463414640625 0.4375 0.363414634375 0.4358108109375 0.37317073125 0.4290540546875 0.363414634375 0.41216216250000004 0.3341463421875 0.4104729734375 0.3 0.4206081078125