1 1 0.8315217390624999 0.9924812031249999 0.82608695625 0.977443609375 0.8369565218749999 0.9793233078125001 0.8668478265624999 0.9624060156249999 0.885869565625 0.9758121703124999 1 1 1 1 0.8315217390624999
1 0.9699248125000001 0.7418478265624999 0.9699248125000001 0.7228260875 0.9567669171875 0.6929347828125 0.9398496234374999 0.6793478265624999 0.9323308265625 0.6195652171875 0.915413534375 0.6195652171875 0.9097744359375 0.6657608703125 0.8928571421875 0.690217390625 0.896616540625 0.9701086953125 0.92293233125 0.9619565218749999 0.9304511281250001 0.9701086953125 0.9398496234374999 0.9456521734375001 0.9454887218750001 0.95108695625 0.9661654140625 0.9347826093749999 0.9586466171874999 0.8994565218749999 0.975563909375 0.8586956515624999 0.9812030078125 0.7554347828125 0.9699248125000001 0.7418478265624999
1 0.8920515578125 1 0.8853383453125 0.9320652171875 0.8665413531249999 0.92391304375 0.8496240593750001 0.8695652171875 0.836466165625 0.86141304375 0.8308270671875 0.8179347828125 0.8157894734375001 0.8125 0.806390978125 0.823369565625 0.8026315796875 0.8505434781250001 0.789473684375 0.864130434375 0.79315936875 1 0.8920515578125 1
1 0.777046784375 1 0.7838345859375 0.9293478265624999 0.7800751874999999 0.8070652171875 0.7763157890625 0.7554347828125 0.759398496875 0.7228260875 0.7612781953125001 0.6820652171875 0.7537593984375001 0.663043478125 0.73496240625 0.6684782609375 0.7368421046875 0.7146739125 0.7180451125 0.7445652171875 0.7199248125000001 0.9402173906250001 0.72792869375 1 0.777046784375 1
1 0.70300751875 1 0.70300751875 0.9782608703125 0.7142857140625 0.948369565625 0.7161654140625 0.8423913046875 0.7086466171875 0.79891304375 0.7142857140625 0.7853260875 0.7124060156249999 0.7282608703125 0.695488721875 0.6657608703125 0.6842105265625 0.649456521875 0.6672932328125001 0.6548913046875 0.6428571421875 0.7554347828125 0.6522556390625 0.948369565625 0.6616541359375 0.9565217390624999 0.660617059375 1 0.70300751875 1
1 0.6367757625 1 0.6372180453125 0.989130434375 0.6522556390625 0.9673913046875 0.6390977437500001 0.8043478265624999 0.6428571421875 0.73641304375 0.6353383453125 0.7309782609375 0.631578946875 0.6793478265624999 0.6127819546875 0.6820652171875 0.6127819546875 0.7146739125 0.5921052625 0.7445652171875 0.5883458640625 0.7663043484375 0.5921052625 0.98641304375 0.5968045109375 1 0.6367757625 1
1 0.5204417296875 1 0.5263157890625 0.98641304375 0.5187969921875 0.8722826093749999 0.524436090625 0.82608695625 0.51691729375 0.774456521875 0.48684210468750005 0.7065217390625 0.4736842109375 0.7092391296875 0.46428571406249997 0.7336956515625 0.4661654140625 0.75 0.45112782031250004 0.76358695625 0.4473684203125 0.7826086953125 0.4473684203125 0.8342391296875 0.45488721875 0.864130434375 0.45488721875 0.9945652171875 0.45639097812499996 1 0.5204417296875 1
1 0.5534371640625 1 0.569548871875 0.9836956515624999 0.554511278125 0.752717390625 0.5357142859375 0.6684782609375 0.5300751874999999 0.6576086953125 0.51691729375 0.6603260875 0.5300751874999999 0.6657608703125 0.5263157890625 0.676630434375 0.5319548875 0.6929347828125 0.5131578953125 0.7065217390625 0.507518796875 0.75 0.524436090625 0.801630434375 0.5225563906249999 0.88858695625 0.5300751874999999 0.948369565625 0.5375939843750001 0.9538043484375001 0.5338345859375 0.98641304375 0.54793233125 1 0.5534371640625 1
1 0.42227852187500003 1 0.4266917296875 0.9755434781250001 0.42293233125 0.79891304375 0.413533834375 0.7146739125 0.3947368421875 0.7146739125 0.3872180453125 0.760869565625 0.368421053125 0.8043478265624999 0.3646616546875 0.8722826093749999 0.3703007515625 0.8804347828125 0.368421053125 0.9782608703125 0.37388926875 1 0.42227852187500003 1
1 0.365366540625 1 0.3646616546875 0.9972826093749999 0.368421053125 0.88858695625 0.3627819546875 0.86141304375 0.368421053125 0.7907608703125 0.3796992484375 0.7663043484375 0.3796992484375 0.7445652171875 0.366541353125 0.725543478125 0.36090225625 0.67391304375 0.3458646609375 0.6820652171875 0.3402255640625 0.7201086953125 0.3233082703125 0.739130434375 0.312030075 0.7717391296875 0.304511278125 0.9646739125 0.312030075 0.98641304375 0.3123541609375 1 0.365366540625 1
1 0.0040279265625 1 0.0018797000000000002 0.9945652171875 0.0056390984375 0.8967391296875 0.0319548875 0.774456521875 0.0319548875 0.75 0.013157895312500001 0.7146739125 0.013157895312500001 0.6820652171875 0.0018797000000000002 0.676630434375 0 0.6784420296875 0 1 0.0040279265625 1
1 0.096062525 1 0.0977443609375 0.86141304375 0.0883458640625 0.8179347828125 0.07706766875 0.8070652171875 0.071428571875 0.760869565625 0.056390978125000005 0.7771739125 0.060150376562499996 0.788043478125 0.05451127812499999 0.7961956515625 0.063909775 0.801630434375 0.060150376562499996 0.8179347828125 0.039473684375 0.8423913046875 0.043233082812500004 0.864130434375 0.0357142859375 0.9646739125 0.040950590625 1 0.096062525 1
1 0.0345701203125 1 0.0319548875 0.9565217390624999 0.039473684375 0.8342391296875 0.0526315796875 0.8125 0.05451127812499999 0.7663043484375 0.0676691734375 0.752717390625 0.0582706765625 0.73641304375 0.05451127812499999 0.70108695625 0.0413533828125 0.6929347828125 0.0263157890625 0.7092391296875 0.0357142859375 0.760869565625 0.0187969921875 0.86141304375 0.009398496874999999 0.8831521734375001 0.0037593984375 0.9619565218749999 0.0056390984375 0.9918478265624999 0.013157895312500001 1 0.0345701203125 1
1 0.1795436859375 1 0.178571428125 0.98641304375 0.187969925 0.9646739125 0.187969925 0.9347826093749999 0.178571428125 0.9184782609375001 0.17105263125 0.7663043484375 0.17105263125 0.752717390625 0.1842105265625 0.747282609375 0.1842105265625 0.7201086953125 0.17105263125 0.7173913046875 0.1672932328125 0.7065217390625 0.1560150375 0.752717390625 0.13909774375 0.7853260875 0.133458646875 0.8423913046875 0.1353383453125 0.9565217390624999 0.13058963125 1 0.1795436859375 1
1 0.1316819453125 1 0.1353383453125 0.8070652171875 0.1428571421875 0.7717391296875 0.1578947375 0.75 0.15413533906250002 0.7065217390625 0.13909774375 0.711956521875 0.13721804531249998 0.75 0.118421053125 0.774456521875 0.1052631578125 0.8342391296875 0.103383459375 0.8722826093749999 0.1146616546875 0.8940217390624999 0.1146616546875 0.926630434375 0.1304122375 1 0.1316819453125 1
1 0.225563909375 1 0.225563909375 0.9619565218749999 0.240601503125 0.92391304375 0.24436090156249998 0.88858695625 0.257518796875 0.8722826093749999 0.257518796875 0.8097826093749999 0.25 0.7717391296875 0.23496240625000003 0.747282609375 0.23308270625 0.6929347828125 0.210526315625 0.698369565625 0.187969925 0.7690217390625 0.180451128125 0.8668478265624999 0.1917293234375 0.885869565625 0.195488721875 0.9836956515624999 0.1992481203125 1 0.225563909375 1
1 0.29503105625 1 0.2932330828125 0.9402173906250001 0.27819548906249997 0.9211956515624999 0.27443609062499996 0.8913043484375001 0.26127819531249996 0.8777173906250001 0.25 0.885869565625 0.240601503125 0.926630434375 0.22932330781250002 0.9429347828125 0.23243965156250002 1 0.29503105625 1
1 0.30485304062499996 1 0.30827067656249996 0.7826086953125 0.2913533828125 0.7418478265624999 0.28571428593750003 0.698369565625 0.2706766921875 0.684782609375 0.259398496875 0.6956521734375001 0.2537593984375 0.7445652171875 0.24436090156249998 0.7581521734375001 0.259398496875 0.8070652171875 0.259398496875 0.875 0.27443609062499996 0.88858695625 0.27819548906249997 0.9211956515624999 0.29511278124999996 0.9429347828125 0.29511278124999996 0.9755434781250001 0.287593984375 0.9836956515624999 0.29260651718749997 1 0.30485304062499996 1
1 0.45112782031250004 1 0.45112782031250004 0.8586956515624999 0.44360902187500006 0.7934782609375 0.4492481203125 0.76358695625 0.46240601562499994 0.747282609375 0.4718045109375 0.67391304375 0.4586466171875 0.6684782609375 0.445488721875 0.6820652171875 0.4266917296875 0.747282609375 0.4266917296875 0.8695652171875 0.4398496234375 1 0.45112782031250004 1
1 0.383458646875 0.7581521734375001 0.38909774375 0.7581521734375001 0.39097744375 0.725543478125 0.40225563906249995 0.7065217390625 0.40037594062500004 0.6875 0.3928571421875 0.676630434375 0.37406015 0.6875 0.3721804515625 0.7201086953125 0.383458646875 0.7581521734375001